8
16
0 2629 939
1 2534 1174
2 2632 966
3 2546.32 723.728
4 2639.42 678.785
5 2742.14 810.403
6 2677.94 974.122
7 2578.42 1330.45
8 2305.56 1442.81
9 2100.1 1468.49
10 2068 1561.59
11 1939.59 1423.55
12 1406.7 1301.56
13 1316.82 881.027
14 1560.79 672.364
15 2007.01 759.048
16
0 2533.48 611.371
1 2446.8 832.874
2 2430.75 662.734
3 2337.66 441.231
4 2511.01 402.708
5 2738.93 531.116
6 2790.3 694.836
7 2883.39 1031.91
8 2761.4 1311.19
9 2652.26 1542.33
10 2543.11 1760.62
11 2299.14 1741.36
12 1259.03 1779.88
13 886.652 1169.94
14 1101.73 710.887
15 1682.78 604.95
16
0 1756.61 771.88
1 1724.51 993.384
2 1766.24 942.021
3 1669.94 710.887
4 1811.19 566.428
5 2023.06 579.269
6 2112.95 633.842
7 2263.82 717.307
8 2414.7 864.976
9 2629.79 1035.12
10 2732.51 1272.67
11 2719.67 1372.19
12 2267.03 1998.17
13 1535.11 1824.82
14 1149.89 1423.55
15 1291.14 1112.168 
16
0 1782.3 1102.53
1 1753.4 1333.66
2 1920.33 1263.04
3 1836.87 1022.28
4 1881.81 855.345
5 1978.12 842.505
6 1962.07 887.447
7 1965.28 964.492
8 2019.85 961.282
9 2177.15 970.912
10 2331.24 1108.95
11 2392.23 1112.16
12 2308.77 1507.01
13 1933.17 1484.54
14 1644.26 1365.77
15 1621.79 1288.72
13
0 2626.58 980.543
1 2533.48 1208.47
2 2633 996.594
3 2549.53 759.04
4 2639.42 717.307
5 2738.93 852.135
6 2681.15 1012.64
7 2578.42 1365.77
8 2308.77 1487.75
9 2096.89 1516.64
10 2055.16 1600.11
11 1926.75 1462.07
15 2016.64 784.72188
12
0 1791.93 1137.84
1 1766.24 1362.56
2 1926.75 1288.72
3 1843.29 1054.38
4 1888.23 890.657
5 1981.33 884.237
6 1965.28 925.97
7 1965.28 1006.22
8 2016.64 1003.01
13 1929.96 1510.22
14 1644.26 1388.24
15 1628.21 1311.19
8
6 2799.93 736.568
7 2886.6 1080.06
8 2761.4 1359.35
9 2636.21 1593.69
10 2523.85 1802.35
11 2279.87 1776.67
12 1259.03 1818.4
13 889.862 1202.05899
4
12 2244.56 2030.28
13 1531.9 1850.5
14 1165.94 1446.02
15 1307.19 1137.848